<?xml version="1.0"?>
<opencv_storage>
<rvecs type_id="opencv-matrix">
  <rows>3</rows>
  <cols>1</cols>
  <dt>d</dt>
  <data>
    -6.7636946922055596e-01 1.6059511507669972e+00
    1.8467040991294812e+00</data></rvecs>
<tvecs type_id="opencv-matrix">
  <rows>3</rows>
  <cols>1</cols>
  <dt>d</dt>
  <data>
    8.1315669794654912e+02 8.7735434455255120e+02 4.0133634042490835e+03</data></tvecs>
<mtx type_id="opencv-matrix">
  <rows>3</rows>
  <cols>3</cols>
  <dt>d</dt>
  <data>
    4.8654856434588481e+02 0. 3.3391933502328089e+02 0.
    4.8867827381006583e+02 2.1740688566923762e+02 0. 0. 1.</data></mtx>
<dist type_id="opencv-matrix">
  <rows>1</rows>
  <cols>5</cols>
  <dt>d</dt>
  <data>
    -3.6274714025255622e-01 1.8493053926365971e-01
    1.5427965313595006e-03 1.2293662223009999e-04
    -5.7612072766268868e-02</data></dist>
</opencv_storage>
