<?xml version="1.0"?>
<opencv_storage>
<rvecs type_id="opencv-matrix">
  <rows>3</rows>
  <cols>1</cols>
  <dt>d</dt>
  <data>
    -1.2004040390572257e+00 1.2493171203997413e+00
    1.2302816230353417e+00</data></rvecs>
<tvecs type_id="opencv-matrix">
  <rows>3</rows>
  <cols>1</cols>
  <dt>d</dt>
  <data>
    5.5347644848866105e+02 1.4841543360230089e+03 3.5954826220541831e+03</data></tvecs>
<mtx type_id="opencv-matrix">
  <rows>3</rows>
  <cols>3</cols>
  <dt>d</dt>
  <data>
    4.8858504329091807e+02 0. 3.2929980037096783e+02 0.
    4.9099097572339292e+02 2.2574030768822624e+02 0. 0. 1.</data></mtx>
<dist type_id="opencv-matrix">
  <rows>1</rows>
  <cols>5</cols>
  <dt>d</dt>
  <data>
    -3.5826604129000728e-01 1.7008588045326403e-01
    5.4246263147056590e-04 -9.9057483108070615e-06
    -4.3370914359061208e-02</data></dist>
</opencv_storage>
